xof 0303txt 0032
template Frame {
 <3d82ab46-62da-11cf-ab39-0020af71e433>
 [...]
}

template Matrix4x4 {
 <f6f23f45-7686-11cf-8f52-0040333594a3>
 array FLOAT matrix[16];
}

template FrameTransformMatrix {
 <f6f23f41-7686-11cf-8f52-0040333594a3>
 Matrix4x4 frameMatrix;
}

template ObjectMatrixComment {
 <95a48e28-7ef4-4419-a16a-ba9dbdf0d2bc>
 Matrix4x4 objectMatrix;
}

template Vector {
 <3d82ab5e-62da-11cf-ab39-0020af71e433>
 FLOAT x;
 FLOAT y;
 FLOAT z;
}

template MeshFace {
 <3d82ab5f-62da-11cf-ab39-0020af71e433>
 DWORD nFaceVertexIndices;
 array DWORD faceVertexIndices[nFaceVertexIndices];
}

template Mesh {
 <3d82ab44-62da-11cf-ab39-0020af71e433>
 DWORD nVertices;
 array Vector vertices[nVertices];
 DWORD nFaces;
 array MeshFace faces[nFaces];
 [...]
}

template MeshNormals {
 <f6f23f43-7686-11cf-8f52-0040333594a3>
 DWORD nNormals;
 array Vector normals[nNormals];
 DWORD nFaceNormals;
 array MeshFace faceNormals[nFaceNormals];
}

template Coords2d {
 <f6f23f44-7686-11cf-8f52-0040333594a3>
 FLOAT u;
 FLOAT v;
}

template MeshTextureCoords {
 <f6f23f40-7686-11cf-8f52-0040333594a3>
 DWORD nTextureCoords;
 array Coords2d textureCoords[nTextureCoords];
}

template XSkinMeshHeader {
 <3cf169ce-ff7c-44ab-93c0-f78f62d172e2>
 WORD nMaxSkinWeightsPerVertex;
 WORD nMaxSkinWeightsPerFace;
 WORD nBones;
}

template SkinWeights {
 <6f0d123b-bad2-4167-a0d0-80224f25fabb>
 STRING transformNodeName;
 DWORD nWeights;
 array DWORD vertexIndices[nWeights];
 array FLOAT weights[nWeights];
 Matrix4x4 matrixOffset;
}

template ColorRGBA {
 <35ff44e0-6c7c-11cf-8f52-0040333594a3>
 FLOAT red;
 FLOAT green;
 FLOAT blue;
 FLOAT alpha;
}

template ColorRGB {
 <d3e16e81-7835-11cf-8f52-0040333594a3>
 FLOAT red;
 FLOAT green;
 FLOAT blue;
}

template Material {
 <3d82ab4d-62da-11cf-ab39-0020af71e433>
 ColorRGBA faceColor;
 FLOAT power;
 ColorRGB specularColor;
 ColorRGB emissiveColor;
 [...]
}

template MeshMaterialList {
 <f6f23f42-7686-11cf-8f52-0040333594a3>
 DWORD nMaterials;
 DWORD nFaceIndexes;
 array DWORD faceIndexes[nFaceIndexes];
 [Material <3d82ab4d-62da-11cf-ab39-0020af71e433>]
}

template TextureFilename {
 <a42790e1-7810-11cf-8f52-0040333594a3>
 STRING filename;
}

template AnimTicksPerSecond {
 <9e415a43-7ba6-4a73-8743-b73d47e88476>
 DWORD AnimTicksPerSecond;
}

template Animation {
 <3d82ab4f-62da-11cf-ab39-0020af71e433>
 [...]
}

template AnimationSet {
 <3d82ab50-62da-11cf-ab39-0020af71e433>
 [Animation <3d82ab4f-62da-11cf-ab39-0020af71e433>]
}

template FloatKeys {
 <10dd46a9-775b-11cf-8f52-0040333594a3>
 DWORD nValues;
 array FLOAT values[nValues];
}

template TimedFloatKeys {
 <f406b180-7b3b-11cf-8f52-0040333594a3>
 DWORD time;
 FloatKeys tfkeys;
}

template AnimationKey {
 <10dd46a8-775b-11cf-8f52-0040333594a3>
 DWORD keyType;
 DWORD nKeys;
 array TimedFloatKeys keys[nKeys];
}


Frame Hips {
 

 FrameTransformMatrix relative {
  0.385106,-0.007000,0.081513,0.000000,-0.081736,-0.015990,0.384791,0.000000,-0.003531,-0.393314,-0.017095,0.000000,0.000202,1.370491,0.007199,1.000000;;
 }

 ObjectMatrixComment object {
  1.000000,0.000000,0.000000,0.000000,0.000000,1.000000,0.000000,0.000000,0.000000,-0.000000,1.000000,0.000000,0.000000,0.000000,-0.000000,1.000000;;
 }

 Frame Spine {
  

  FrameTransformMatrix relative {
   0.999359,-0.033201,-0.013378,0.000000,0.034944,0.985903,0.163630,0.000000,0.007757,-0.163992,0.986431,0.000000,-0.000198,-0.012921,-0.324679,1.000000;;
  }

  ObjectMatrixComment object {
   1.000000,0.000000,0.000000,0.000000,0.000000,1.000000,0.000000,0.000000,0.000000,0.000000,1.000000,0.000000,0.000000,0.000000,-0.000000,1.000000;;
  }

  Frame Spine1 {
   

   FrameTransformMatrix relative {
    0.997400,-0.069378,-0.019509,0.000000,0.070277,0.996276,0.049956,0.000000,0.015970,-0.051197,0.998561,0.000000,0.000000,-0.006336,-0.378788,1.000000;;
   }

   ObjectMatrixComment object {
    1.000000,0.000000,-0.000000,0.000000,-0.000000,1.000000,0.000000,0.000000,0.000000,-0.000000,1.000000,0.000000,0.000000,0.000000,0.000000,1.000000;;
   }

   Frame Spine2 {
    

    FrameTransformMatrix relative {
     0.997400,-0.069370,-0.019536,0.000000,0.065489,0.985564,-0.156124,0.000000,0.030084,0.154439,0.987544,0.000000,0.000000,-0.000000,-0.432903,1.000000;;
    }

    ObjectMatrixComment object {
     1.000000,0.000000,-0.000000,0.000000,0.000000,1.000000,0.000000,0.000000,0.000000,-0.000000,1.000000,0.000000,-0.000000,0.000000,0.000000,1.000000;;
    }

    Frame Neck {
     

     FrameTransformMatrix relative {
      0.991935,-0.027535,0.123720,0.000000,0.036119,0.997053,-0.067682,0.000000,-0.121492,0.071605,0.990006,0.000000,0.000000,0.000000,-0.487014,1.000000;;
     }

     ObjectMatrixComment object {
      1.000000,0.000000,-0.000000,0.000000,0.000000,1.000000,-0.000000,0.000000,0.000000,-0.000000,1.000000,0.000000,0.000000,0.000000,0.000000,1.000000;;
     }

     Frame Head {
      

      FrameTransformMatrix relative {
       0.991411,0.015288,-0.129885,0.000000,-0.001844,0.994680,0.103001,0.000000,0.130768,-0.101877,0.986165,0.000000,0.000000,-0.000000,-0.202841,1.000000;;
      }

      ObjectMatrixComment object {
       1.000000,-0.000000,-0.000000,0.000000,-0.000000,1.000000,-0.000000,0.000000,-0.000000,0.000000,1.000000,0.000000,0.000000,-0.000000,0.000000,1.000000;;
      }

      Frame HeadTop_End {
       

       FrameTransformMatrix relative {
        1.000000,-0.000000,-0.000000,0.000000,-0.000000,1.000000,-0.000000,0.000000,-0.000000,0.000000,1.000000,0.000000,0.000000,0.073368,-0.690111,1.000000;;
       }

       ObjectMatrixComment object {
        1.000000,-0.000000,-0.000000,0.000000,0.000000,1.000000,0.000000,0.000000,-0.000000,0.000000,1.000000,0.000000,0.000000,-0.000000,-0.000001,1.000000;;
       }
      }
     }
    }

    Frame LeftShoulder {
     

     FrameTransformMatrix relative {
      0.998490,-0.000115,0.054939,0.000000,0.001360,0.999744,-0.022614,0.000000,-0.054922,0.022654,0.998234,0.000000,0.328581,-0.043308,-0.399514,1.000000;;
     }

     ObjectMatrixComment object {
      1.000000,-0.000000,0.000000,0.000000,0.000000,1.000000,-0.000000,0.000000,-0.000000,0.000000,1.000000,0.000000,-0.000000,-0.000000,0.000000,1.000000;;
     }

     Frame LeftArm {
      

      FrameTransformMatrix relative {
       0.519870,0.242332,0.819152,0.000000,-0.051973,0.966115,-0.252825,0.000000,-0.852663,0.088862,0.514849,0.000000,0.425706,0.004077,0.257178,1.000000;;
      }

      ObjectMatrixComment object {
       1.000000,-0.000000,-0.000000,0.000000,-0.000000,1.000000,0.000000,0.000000,0.000000,-0.000000,1.000000,0.000000,-0.000001,0.000000,0.000000,1.000000;;
      }

      Frame LeftForeArm {
       

       FrameTransformMatrix relative {
        0.974481,0.224466,0.000931,0.000000,-0.223898,0.972292,-0.067220,0.000000,-0.015994,0.065296,0.997738,0.000000,0.810251,-0.170445,0.237537,1.000000;;
       }

       ObjectMatrixComment object {
        1.000000,0.000000,-0.000000,0.000000,0.000000,1.000000,0.000000,0.000000,-0.000000,0.000000,1.000000,0.000000,0.000000,-0.000000,0.000000,1.000000;;
       }

       Frame LeftHand {
        

        FrameTransformMatrix relative {
         0.996628,-0.046081,0.067887,0.000000,0.054729,0.989792,-0.131594,0.000000,-0.061130,0.134866,0.988976,0.000000,0.576393,-0.097188,0.163518,1.000000;;
        }

        ObjectMatrixComment object {
         1.000000,0.000000,-0.000000,0.000000,0.000000,1.000000,0.000000,0.000000,0.000000,0.000000,1.000000,0.000000,0.000000,0.000000,0.000000,1.000000;;
        }

        Frame LeftHandThumb1 {
         

         FrameTransformMatrix relative {
          0.936252,0.252524,-0.244264,0.000000,-0.225604,0.965097,0.133004,0.000000,0.269325,-0.069418,0.960544,0.000000,0.079854,0.063657,0.193614,1.000000;;
         }

         ObjectMatrixComment object {
          1.000000,0.000000,-0.000000,0.000000,0.000000,1.000000,-0.000000,0.000000,0.000000,-0.000000,1.000000,0.000000,0.000000,0.000000,-0.000000,1.000000;;
         }

         Frame LeftHandThumb2 {
          

          FrameTransformMatrix relative {
           0.931758,-0.356642,0.068075,0.000000,0.342173,0.925236,0.163883,0.000000,-0.121433,-0.129406,0.984128,0.000000,0.114075,0.041658,0.126165,1.000000;;
          }

          ObjectMatrixComment object {
           1.000000,0.000000,0.000000,0.000000,0.000000,1.000000,-0.000000,0.000000,-0.000000,0.000000,1.000000,0.000000,-0.000000,0.000000,0.000000,1.000000;;
          }

          Frame LeftHandThumb3 {
           

           FrameTransformMatrix relative {
            0.998548,-0.053741,0.003586,0.000000,0.053520,0.997504,0.046057,0.000000,-0.006052,-0.045798,0.998933,0.000000,0.130029,0.047481,0.143817,1.000000;;
           }

           ObjectMatrixComment object {
            1.000000,0.000000,-0.000000,0.000000,-0.000000,1.000000,0.000000,0.000000,0.000000,-0.000000,1.000000,0.000000,-0.000000,0.000000,0.000000,1.000000;;
           }

           Frame LeftHandThumb4 {
            

            FrameTransformMatrix relative {
             1.000000,0.000000,-0.000000,0.000000,0.000000,1.000000,0.000000,0.000000,0.000000,-0.000000,1.000000,0.000000,0.116268,0.042456,0.128586,1.000000;;
            }

            ObjectMatrixComment object {
             1.000000,0.000000,-0.000000,0.000000,0.000000,1.000000,0.000000,0.000000,-0.000000,-0.000000,1.000000,0.000000,-0.000000,0.000000,0.000000,1.000000;;
            }
           }
          }
         }
        }

        Frame LeftHandIndex1 {
         

         FrameTransformMatrix relative {
          0.995149,0.058089,0.079402,0.000000,-0.056320,0.998116,-0.024342,0.000000,-0.080666,0.019752,0.996545,0.000000,0.452529,0.075915,0.193431,1.000000;;
         }

         ObjectMatrixComment object {
          1.000000,0.000000,-0.000000,0.000000,-0.000000,1.000000,-0.000000,0.000000,-0.000000,0.000000,1.000000,0.000000,0.000000,0.000000,0.000000,1.000000;;
         }

         Frame LeftHandIndex2 {
          

          FrameTransformMatrix relative {
           0.954419,-0.043850,0.295232,0.000000,0.053467,0.998267,-0.024577,0.000000,-0.293643,0.039242,0.955110,0.000000,0.156852,-0.026448,0.044496,1.000000;;
          }

          ObjectMatrixComment object {
           1.000000,0.000000,0.000000,0.000000,0.000000,1.000000,0.000000,0.000000,-0.000000,0.000000,1.000000,0.000000,0.000000,-0.000000,0.000000,1.000000;;
          }

          Frame LeftHandIndex3 {
           

           FrameTransformMatrix relative {
            0.990208,-0.021823,0.137881,0.000000,0.024125,0.999596,-0.015039,0.000000,-0.137497,0.018219,0.990335,0.000000,0.118077,-0.019914,0.033498,1.000000;;
           }

           ObjectMatrixComment object {
            1.000000,-0.000000,-0.000000,0.000000,-0.000000,1.000000,0.000000,0.000000,-0.000000,-0.000000,1.000000,0.000000,-0.000000,0.000000,0.000000,1.000000;;
           }

           Frame LeftHandIndex4 {
            

            FrameTransformMatrix relative {
             1.000000,-0.000000,-0.000000,0.000000,-0.000000,1.000000,-0.000000,0.000000,0.000000,-0.000000,1.000000,0.000000,0.167727,-0.028287,0.047580,1.000000;;
            }

            ObjectMatrixComment object {
             1.000000,0.000000,-0.000000,0.000000,-0.000000,1.000000,0.000000,0.000000,0.000000,0.000000,1.000000,0.000000,-0.000000,0.000000,0.000000,1.000000;;
            }
           }
          }
         }
        }

        Frame LeftHandMiddle1 {
         

         FrameTransformMatrix relative {
          0.958464,0.026307,0.283999,0.000000,-0.011883,0.998556,-0.052396,0.000000,-0.284967,0.046845,0.957392,0.000000,0.476655,-0.080370,0.135222,1.000000;;
         }

         ObjectMatrixComment object {
          1.000000,0.000000,0.000000,0.000000,-0.000000,1.000000,-0.000000,0.000000,0.000000,0.000000,1.000000,0.000000,-0.000000,-0.000000,0.000000,1.000000;;
         }

         Frame LeftHandMiddle2 {
          

          FrameTransformMatrix relative {
           0.970851,-0.079917,0.225969,0.000000,0.084884,0.996315,-0.012335,0.000000,-0.224150,0.031157,0.974056,0.000000,0.170064,-0.034851,0.035064,1.000000;;
          }

          ObjectMatrixComment object {
           1.000000,-0.000000,-0.000000,0.000000,0.000000,1.000000,0.000000,0.000000,0.000000,0.000000,1.000000,0.000000,0.000000,0.000000,0.000000,1.000000;;
          }

          Frame LeftHandMiddle3 {
           

           FrameTransformMatrix relative {
            0.949028,-0.044346,0.312057,0.000000,0.056351,0.997973,-0.029554,0.000000,-0.310114,0.045632,0.949603,0.000000,0.129612,-0.021852,0.036768,1.000000;;
           }

           ObjectMatrixComment object {
            1.000000,-0.000000,-0.000000,0.000000,-0.000000,1.000000,0.000000,0.000000,-0.000000,0.000000,1.000000,0.000000,-0.000000,-0.000000,0.000000,1.000000;;
           }

           Frame LeftHandMiddle4 {
            

            FrameTransformMatrix relative {
             1.000000,-0.000000,-0.000000,0.000000,0.000000,1.000000,0.000000,0.000000,-0.000000,0.000000,1.000000,0.000000,0.187863,-0.031674,0.053289,1.000000;;
            }

            ObjectMatrixComment object {
             1.000000,0.000000,-0.000000,0.000000,0.000000,1.000000,0.000000,0.000000,-0.000000,-0.000000,1.000000,0.000000,0.000000,-0.000000,-0.000000,1.000000;;
            }
           }
          }
         }
        }

        Frame LeftHandRing1 {
         

         FrameTransformMatrix relative {
          0.951187,-0.028936,0.307257,0.000000,0.038852,0.998901,-0.026203,0.000000,-0.306162,0.036862,0.951266,0.000000,0.431871,-0.219072,0.107718,1.000000;;
         }

         ObjectMatrixComment object {
          1.000000,0.000000,0.000000,0.000000,0.000000,1.000000,-0.000000,0.000000,0.000000,0.000000,1.000000,0.000000,0.000000,0.000000,0.000000,1.000000;;
         }

         Frame LeftHandRing2 {
          

          FrameTransformMatrix relative {
           0.934465,-0.048525,0.352732,0.000000,0.064212,0.997394,-0.032903,0.000000,-0.350216,0.053397,0.935146,0.000000,0.154068,-0.025983,0.043707,1.000000;;
          }

          ObjectMatrixComment object {
           1.000000,-0.000000,0.000000,0.000000,0.000000,1.000000,-0.000000,0.000000,-0.000000,0.000000,1.000000,0.000000,0.000000,-0.000000,-0.000000,1.000000;;
          }

          Frame LeftHandRing3 {
           

           FrameTransformMatrix relative {
            0.972192,-0.009485,0.233992,0.000000,0.018344,0.999194,-0.035714,0.000000,-0.233464,0.039014,0.971583,0.000000,0.112017,-0.018891,0.031773,1.000000;;
           }

           ObjectMatrixComment object {
            1.000000,-0.000000,-0.000000,0.000000,0.000000,1.000000,0.000000,0.000000,-0.000000,0.000000,1.000000,0.000000,0.000000,-0.000000,0.000000,1.000000;;
           }

           Frame LeftHandRing4 {
            

            FrameTransformMatrix relative {
             1.000000,-0.000000,-0.000000,0.000000,0.000000,1.000000,0.000000,0.000000,-0.000000,-0.000000,1.000000,0.000000,0.151188,-0.031635,0.055116,1.000000;;
            }

            ObjectMatrixComment object {
             1.000000,-0.000000,0.000000,0.000000,0.000000,1.000000,0.000000,0.000000,-0.000000,0.000000,1.000000,0.000000,0.000000,0.000000,-0.000000,1.000000;;
            }
           }
          }
         }
        }

        Frame LeftHandPinky1 {
         

         FrameTransformMatrix relative {
          0.913050,-0.065418,0.402567,0.000000,0.079492,0.996667,-0.018334,0.000000,-0.400026,0.048741,0.915207,0.000000,0.374731,-0.326817,0.093669,1.000000;;
         }

         ObjectMatrixComment object {
          1.000000,-0.000000,0.000000,0.000000,0.000000,1.000000,0.000000,0.000000,-0.000000,0.000000,1.000000,0.000000,0.000000,0.000000,-0.000000,1.000000;;
         }

         Frame LeftHandPinky2 {
          

          FrameTransformMatrix relative {
           0.954363,-0.041282,0.295782,0.000000,0.051664,0.998289,-0.027366,0.000000,-0.294146,0.041399,0.954864,0.000000,0.113418,-0.019122,0.032181,1.000000;;
          }

          ObjectMatrixComment object {
           1.000000,0.000000,-0.000000,0.000000,0.000000,1.000000,-0.000000,0.000000,-0.000000,-0.000000,1.000000,0.000000,-0.000000,0.000000,0.000000,1.000000;;
          }

          Frame LeftHandPinky3 {
           

           FrameTransformMatrix relative {
            0.959197,-0.040296,0.279853,0.000000,0.051760,0.998091,-0.033695,0.000000,-0.277961,0.046806,0.959451,0.000000,0.079995,-0.013488,0.022695,1.000000;;
           }

           ObjectMatrixComment object {
            1.000000,0.000000,0.000000,0.000000,0.000000,1.000000,0.000000,0.000000,0.000000,-0.000000,1.000000,0.000000,0.000000,0.000000,-0.000000,1.000000;;
           }

           Frame LeftHandPinky4 {
            

            FrameTransformMatrix relative {
             1.000000,0.000000,0.000000,0.000000,0.000000,1.000000,0.000000,0.000000,-0.000000,0.000000,1.000000,0.000000,0.119577,-0.020166,0.033924,1.000000;;
            }

            ObjectMatrixComment object {
             1.000000,0.000000,0.000000,0.000000,0.000000,1.000000,0.000000,0.000000,0.000000,-0.000000,1.000000,0.000000,0.000000,0.000000,-0.000000,1.000000;;
            }
           }
          }
         }
        }
       }
      }
     }
    }

    Frame RightShoulder {
     

     FrameTransformMatrix relative {
      0.998489,0.000114,-0.054942,0.000000,-0.001359,0.999744,-0.022614,0.000000,0.054925,0.022654,0.998233,0.000000,-0.328581,-0.043308,-0.399513,1.000000;;
     }

     ObjectMatrixComment object {
      1.000000,0.000000,0.000000,0.000000,0.000000,1.000000,0.000000,0.000000,-0.000000,0.000000,1.000000,0.000000,0.000000,-0.000000,0.000000,1.000000;;
     }

     Frame RightArm {
      

      FrameTransformMatrix relative {
       0.364350,-0.018486,-0.931079,0.000000,0.076648,0.997006,0.010199,0.000000,0.928103,-0.075081,0.364676,0.000000,-0.425706,0.004077,0.257178,1.000000;;
      }

      ObjectMatrixComment object {
       1.000000,0.000000,0.000000,0.000000,-0.000000,1.000000,0.000000,0.000000,-0.000000,0.000000,1.000000,0.000000,0.000000,0.000000,-0.000000,1.000000;;
      }

      Frame RightForeArm {
       

       FrameTransformMatrix relative {
        0.967257,-0.252824,-0.022223,0.000000,0.252741,0.967512,-0.006514,0.000000,0.023148,0.000684,0.999732,0.000000,-0.597765,-0.035994,0.013812,1.000000;;
       }

       ObjectMatrixComment object {
        1.000000,0.000000,0.000000,0.000000,0.000000,1.000000,0.000000,0.000000,-0.000000,0.000000,1.000000,0.000000,0.000000,0.000000,-0.000000,1.000000;;
       }

       Frame RightHand {
        

        FrameTransformMatrix relative {
         0.998896,0.026223,0.038972,0.000000,-0.027824,0.998767,0.041114,0.000000,-0.037846,-0.042153,0.998394,0.000000,-0.863481,-0.000006,-0.000000,1.000000;;
        }

        ObjectMatrixComment object {
         1.000000,0.000000,-0.000000,0.000000,-0.000000,1.000000,0.000000,0.000000,-0.000000,-0.000000,1.000000,0.000000,0.000000,0.000000,-0.000000,1.000000;;
        }

        Frame RightHandIndex1 {
         

         FrameTransformMatrix relative {
          0.994919,-0.073656,-0.068637,0.000000,0.074155,0.997235,0.004743,0.000000,0.068097,-0.009809,0.997630,0.000000,-0.486294,0.111471,-0.003150,1.000000;;
         }

         ObjectMatrixComment object {
          1.000000,0.000000,0.000000,0.000000,0.000000,1.000000,0.000000,0.000000,0.000000,0.000000,1.000000,0.000000,-0.000000,0.000000,-0.000000,1.000000;;
         }

         Frame RightHandIndex2 {
          

          FrameTransformMatrix relative {
           0.953883,-0.012935,-0.299901,0.000000,0.014083,0.999899,0.001667,0.000000,0.299850,-0.005814,0.953969,0.000000,-0.091680,0.000003,-0.000000,1.000000;;
          }

          ObjectMatrixComment object {
           1.000000,0.000000,0.000000,0.000000,0.000000,1.000000,0.000000,0.000000,0.000000,0.000000,1.000000,0.000000,0.000000,-0.000000,0.000000,1.000000;;
          }

          Frame RightHandIndex3 {
           

           FrameTransformMatrix relative {
            0.990051,-0.006530,-0.140559,0.000000,0.006540,0.999979,-0.000391,0.000000,0.140559,-0.000532,0.990072,0.000000,-0.082557,-0.000003,0.000003,1.000000;;
           }

           ObjectMatrixComment object {
            1.000000,0.000000,-0.000000,0.000000,0.000000,1.000000,-0.000000,0.000000,0.000000,0.000000,1.000000,0.000000,0.000000,-0.000000,0.000000,1.000000;;
           }

           Frame RightHandIndex4 {
            

            FrameTransformMatrix relative {
             1.000000,-0.000000,-0.000000,0.000000,-0.000000,1.000000,-0.000000,0.000000,-0.000000,0.000000,1.000000,0.000000,-0.106344,0.000003,-0.000003,1.000000;;
            }

            ObjectMatrixComment object {
             1.000000,0.000000,0.000000,0.000000,0.000000,1.000000,0.000000,0.000000,-0.000000,0.000000,1.000000,0.000000,0.000000,0.000000,-0.000000,1.000000;;
            }
           }
          }
         }
        }

        Frame RightHandMiddle1 {
         

         FrameTransformMatrix relative {
          0.975881,-0.031565,-0.216010,0.000000,0.033292,0.999436,0.004360,0.000000,0.215751,-0.011446,0.976381,0.000000,-0.505833,0.000000,0.000003,1.000000;;
         }

         ObjectMatrixComment object {
          1.000000,-0.000000,0.000000,0.000000,-0.000000,1.000000,0.000000,0.000000,-0.000000,0.000000,1.000000,0.000000,-0.000000,-0.000000,0.000000,1.000000;;
         }

         Frame RightHandMiddle2 {
          

          FrameTransformMatrix relative {
           0.953800,-0.015543,-0.300040,0.000000,0.015583,0.999876,-0.002260,0.000000,0.300038,-0.002520,0.953924,0.000000,-0.099375,0.000003,-0.000006,1.000000;;
          }

          ObjectMatrixComment object {
           1.000000,-0.000000,0.000000,0.000000,0.000000,1.000000,0.000000,0.000000,-0.000000,0.000000,1.000000,0.000000,0.000000,0.000000,0.000000,1.000000;;
          }

          Frame RightHandMiddle3 {
           

           FrameTransformMatrix relative {
            0.948271,-0.016149,-0.317050,0.000000,0.016325,0.999865,-0.002101,0.000000,0.317041,-0.003184,0.948407,0.000000,-0.080358,-0.000006,0.000006,1.000000;;
           }

           ObjectMatrixComment object {
            1.000000,-0.000000,-0.000000,0.000000,0.000000,1.000000,0.000000,0.000000,0.000000,-0.000000,1.000000,0.000000,0.000000,0.000000,-0.000000,1.000000;;
           }

           Frame RightHandMiddle4 {
            

            FrameTransformMatrix relative {
             1.000000,-0.000000,-0.000000,0.000000,-0.000000,1.000000,0.000000,0.000000,0.000000,-0.000000,1.000000,0.000000,-0.107595,0.000006,-0.000003,1.000000;;
            }

            ObjectMatrixComment object {
             1.000000,0.000000,-0.000000,0.000000,-0.000000,1.000000,0.000000,0.000000,-0.000000,-0.000000,1.000000,0.000000,-0.000000,0.000000,-0.000000,1.000000;;
            }
           }
          }
         }
        }

        Frame RightHandRing1 {
         

         FrameTransformMatrix relative {
          0.950664,-0.027727,-0.308981,0.000000,0.030905,0.999508,0.005393,0.000000,0.308679,-0.014676,0.951053,0.000000,-0.487497,-0.103605,-0.004110,1.000000;;
         }

         ObjectMatrixComment object {
          1.000000,0.000000,-0.000000,0.000000,0.000000,1.000000,0.000000,0.000000,0.000000,0.000000,1.000000,0.000000,0.000000,0.000000,-0.000000,1.000000;;
         }

         Frame RightHandRing2 {
          

          FrameTransformMatrix relative {
           0.933492,-0.019112,-0.358087,0.000000,0.019162,0.999810,-0.003408,0.000000,0.358085,-0.003680,0.933682,0.000000,-0.086568,0.000000,-0.000000,1.000000;;
          }

          ObjectMatrixComment object {
           1.000000,0.000000,-0.000000,0.000000,0.000000,1.000000,0.000000,0.000000,0.000000,0.000000,1.000000,0.000000,0.000000,0.000000,-0.000000,1.000000;;
          }

          Frame RightHandRing3 {
           

           FrameTransformMatrix relative {
            0.951320,-0.016535,-0.307763,0.000000,0.017192,0.999852,-0.000578,0.000000,0.307727,-0.004741,0.951463,0.000000,-0.070125,0.000003,-0.000003,1.000000;;
           }

           ObjectMatrixComment object {
            1.000000,0.000000,0.000000,0.000000,-0.000000,1.000000,0.000000,0.000000,-0.000000,0.000000,1.000000,0.000000,-0.000000,0.000000,0.000000,1.000000;;
           }

           Frame RightHandRing4 {
            

            FrameTransformMatrix relative {
             1.000000,0.000000,0.000000,0.000000,-0.000000,1.000000,0.000000,0.000000,-0.000000,0.000000,1.000000,0.000000,-0.097860,0.000000,-0.000003,1.000000;;
            }

            ObjectMatrixComment object {
             1.000000,0.000000,0.000000,0.000000,-0.000000,1.000000,0.000000,0.000000,-0.000000,0.000000,1.000000,0.000000,0.000000,0.000000,0.000000,1.000000;;
            }
           }
          }
         }
        }

        Frame RightHandPinky1 {
         

         FrameTransformMatrix relative {
          0.912534,-0.006904,-0.408941,0.000000,0.012445,0.999863,0.010890,0.000000,0.408810,-0.015027,0.912496,0.000000,-0.436140,-0.195954,-0.001359,1.000000;;
         }

         ObjectMatrixComment object {
          1.000000,0.000000,-0.000000,0.000000,-0.000000,1.000000,0.000000,0.000000,-0.000000,0.000000,1.000000,0.000000,-0.000000,-0.000000,0.000000,1.000000;;
         }

         Frame RightHandPinky2 {
          

          FrameTransformMatrix relative {
           0.953773,-0.016115,-0.300094,0.000000,0.016741,0.999860,-0.000484,0.000000,0.300060,-0.004562,0.953909,0.000000,-0.068280,0.000000,0.000000,1.000000;;
          }

          ObjectMatrixComment object {
           1.000000,0.000000,0.000000,0.000000,-0.000000,1.000000,0.000000,0.000000,-0.000000,0.000000,1.000000,0.000000,0.000000,0.000000,-0.000000,1.000000;;
          }

          Frame RightHandPinky3 {
           

           FrameTransformMatrix relative {
            0.958406,-0.016461,-0.284933,0.000000,0.014723,0.999858,-0.008239,0.000000,0.285028,0.003701,0.958512,0.000000,-0.055305,-0.000006,0.000000,1.000000;;
           }

           ObjectMatrixComment object {
            1.000000,0.000000,-0.000000,0.000000,0.000000,1.000000,0.000000,0.000000,0.000000,0.000000,1.000000,0.000000,0.000000,0.000000,0.000000,1.000000;;
           }

           Frame RightHandPinky4 {
            

            FrameTransformMatrix relative {
             1.000000,0.000000,-0.000000,0.000000,0.000000,1.000000,0.000000,0.000000,0.000000,0.000000,1.000000,0.000000,-0.065352,0.000003,0.000000,1.000000;;
            }

            ObjectMatrixComment object {
             1.000000,0.000000,0.000000,0.000000,0.000000,1.000000,0.000000,0.000000,0.000000,0.000000,1.000000,0.000000,-0.000000,0.000000,0.000000,1.000000;;
            }
           }
          }
         }
        }

        Frame RightHandThumb1 {
         

         FrameTransformMatrix relative {
          0.937507,-0.172575,0.302156,0.000000,0.134650,0.980623,0.142295,0.000000,-0.320857,-0.092717,0.942578,0.000000,-0.117963,0.029487,0.060444,1.000000;;
         }

         ObjectMatrixComment object {
          1.000000,0.000000,0.000000,0.000000,0.000000,1.000000,0.000000,0.000000,-0.000000,0.000000,1.000000,0.000000,-0.000000,-0.000000,0.000000,1.000000;;
         }

         Frame RightHandThumb2 {
          

          FrameTransformMatrix relative {
           0.922471,0.360745,-0.137512,0.000000,-0.351342,0.932076,0.088274,0.000000,0.160016,-0.033116,0.986559,0.000000,-0.110055,0.063540,0.063543,1.000000;;
          }

          ObjectMatrixComment object {
           1.000000,-0.000000,-0.000000,0.000000,-0.000000,1.000000,-0.000000,0.000000,-0.000000,-0.000000,1.000000,0.000000,0.000000,0.000000,0.000000,1.000000;;
          }

          Frame RightHandThumb3 {
           

           FrameTransformMatrix relative {
            0.997943,0.063323,-0.010005,0.000000,-0.062993,0.997551,0.030398,0.000000,0.011905,-0.029705,0.999488,0.000000,-0.119177,0.068808,0.068814,1.000000;;
           }

           ObjectMatrixComment object {
            1.000000,0.000000,-0.000000,0.000000,0.000000,1.000000,0.000000,0.000000,-0.000000,-0.000000,1.000000,0.000000,0.000000,0.000000,0.000000,1.000000;;
           }

           Frame RightHandThumb4 {
            

            FrameTransformMatrix relative {
             1.000000,-0.000000,-0.000000,0.000000,-0.000000,1.000000,0.000000,0.000000,-0.000000,-0.000000,1.000000,0.000000,-0.098988,0.057153,0.057147,1.000000;;
            }

            ObjectMatrixComment object {
             1.000000,0.000000,-0.000000,0.000000,-0.000000,1.000000,0.000000,0.000000,-0.000000,0.000000,1.000000,0.000000,0.000000,0.000000,-0.000000,1.000000;;
            }
           }
          }
         }
        }
       }
      }
     }
    }
   }
  }
 }

 Frame LeftUpLeg {
  

  FrameTransformMatrix relative {
   0.950541,-0.269040,-0.155211,0.000000,0.211396,0.926491,-0.311332,0.000000,0.227562,0.263122,0.937541,0.000000,0.398415,-0.015942,0.180374,1.000000;;
  }

  ObjectMatrixComment object {
   1.000000,0.000000,0.000000,0.000000,0.000000,1.000000,0.000000,0.000000,0.000000,-0.000000,1.000000,0.000000,0.000000,0.000000,0.000000,1.000000;;
  }

  Frame LeftLeg {
   

   FrameTransformMatrix relative {
    0.995540,-0.070902,-0.062235,0.000000,0.088362,0.931891,0.351813,0.000000,0.033052,-0.355743,0.933999,0.000000,0.003147,0.047445,1.561188,1.000000;;
   }

   ObjectMatrixComment object {
    1.000000,0.000000,-0.000000,0.000000,0.000000,1.000000,0.000000,0.000000,-0.000000,0.000000,1.000000,0.000000,0.000000,0.000000,0.000000,1.000000;;
   }

   Frame LeftFoot {
    

    FrameTransformMatrix relative {
     0.977533,-0.082357,0.194027,0.000000,0.094431,0.994076,-0.053807,0.000000,-0.188446,0.070920,0.979520,0.000000,-0.002676,-0.142566,1.523163,1.000000;;
    }

    ObjectMatrixComment object {
     1.000000,0.000000,0.000000,0.000000,0.000000,1.000000,-0.000000,0.000000,0.000000,0.000000,1.000000,0.000000,-0.000000,-0.000000,0.000000,1.000000;;
    }

    Frame LeftToeBase {
     

     FrameTransformMatrix relative {
      0.998240,0.043181,0.040653,0.000000,-0.040976,0.997721,-0.053607,0.000000,-0.042876,0.051847,0.997734,0.000000,0.084771,0.578901,0.308193,1.000000;;
     }

     ObjectMatrixComment object {
      1.000000,0.000000,-0.000000,0.000000,0.000000,1.000000,0.000000,0.000000,-0.000000,0.000000,1.000000,0.000000,0.000000,0.000000,-0.000000,1.000000;;
     }

     Frame LeftToe_End {
      

      FrameTransformMatrix relative {
       1.000000,0.000000,0.000000,0.000000,-0.000000,1.000000,0.000000,0.000000,-0.000000,0.000000,1.000000,0.000000,0.025608,0.272496,-0.010065,1.000000;;
      }

      ObjectMatrixComment object {
       1.000000,-0.000000,0.000000,0.000000,0.000000,1.000000,-0.000000,0.000000,0.000000,0.000000,1.000000,0.000000,0.000000,0.000000,0.000000,1.000000;;
      }
     }
    }
   }
  }
 }

 Frame RightUpLeg {
  

  FrameTransformMatrix relative {
   0.981802,0.168151,0.088261,0.000000,-0.147490,0.967924,-0.203396,0.000000,-0.119631,0.186677,0.975110,0.000000,-0.398811,-0.015942,0.180374,1.000000;;
  }

  ObjectMatrixComment object {
   1.000000,0.000000,-0.000000,0.000000,0.000000,1.000000,0.000000,0.000000,0.000000,-0.000000,1.000000,0.000000,0.000000,0.000000,0.000000,1.000000;;
  }

  Frame RightLeg {
   

   FrameTransformMatrix relative {
    0.995656,0.070543,0.060771,0.000000,-0.087934,0.926986,0.364642,0.000000,-0.030611,-0.368402,0.929162,0.000000,-0.002679,0.047460,1.561188,1.000000;;
   }

   ObjectMatrixComment object {
    1.000000,0.000000,0.000000,0.000000,0.000000,1.000000,-0.000000,0.000000,0.000000,0.000000,1.000000,0.000000,0.000000,-0.000000,-0.000000,1.000000;;
   }

   Frame RightFoot {
    

    FrameTransformMatrix relative {
     0.987087,-0.019583,-0.158985,0.000000,-0.011758,0.980965,-0.193830,0.000000,0.159754,0.193196,0.968067,0.000000,0.003135,-0.142581,1.523163,1.000000;;
    }

    ObjectMatrixComment object {
     1.000000,-0.000000,0.000000,0.000000,0.000000,1.000000,0.000000,0.000000,0.000000,0.000000,1.000000,0.000000,0.000000,0.000000,0.000000,1.000000;;
    }

    Frame RightToeBase {
     

     FrameTransformMatrix relative {
      0.998240,-0.044807,-0.038856,0.000000,0.040978,0.994700,-0.094305,0.000000,0.042876,0.092547,0.994785,0.000000,-0.084771,0.578901,0.308193,1.000000;;
     }

     ObjectMatrixComment object {
      1.000000,-0.000000,0.000000,0.000000,0.000000,1.000000,0.000000,0.000000,0.000000,-0.000000,1.000000,0.000000,0.000000,0.000000,0.000000,1.000000;;
     }

     Frame RightToe_End {
      

      FrameTransformMatrix relative {
       1.000000,-0.000000,0.000000,0.000000,0.000000,1.000000,0.000000,0.000000,0.000000,-0.000000,1.000000,0.000000,-0.025608,0.272496,-0.010065,1.000000;;
      }

      ObjectMatrixComment object {
       1.000000,-0.000000,0.000000,0.000000,0.000000,1.000000,0.000000,0.000000,0.000000,-0.000000,1.000000,0.000000,0.000000,-0.000000,0.000000,1.000000;;
      }
     }
    }
   }
  }
 }
}

Frame Ganfaul {
 

 FrameTransformMatrix relative {
  0.393701,0.000000,0.000000,0.000000,0.000000,-0.000000,0.393701,0.000000,0.000000,-0.393701,-0.000000,0.000000,0.000000,0.000000,0.000000,1.000000;;
 }

 ObjectMatrixComment object {
  1.000000,0.000000,0.000000,0.000000,0.000000,1.000000,0.000000,0.000000,0.000000,0.000000,1.000000,0.000000,0.000000,0.000000,0.000000,1.000000;;
 }

 Mesh mesh_G {
  8755;
  0.138120;1.114519;0.220547;,
  0.207655;1.147116;0.166830;,
  0.145106;1.142825;0.217070;,
  0.211903;1.063661;0.165055;,
  0.162115;0.557560;-0.238338;,
  0.159177;0.646969;-0.220050;,
  0.212056;0.535838;-0.204693;,
  0.125227;0.572863;-0.252495;,
  0.168767;0.786299;-0.188308;,
  0.214716;0.741455;-0.168506;,
  0.152502;0.747068;-0.202300;,
  0.130016;0.769527;-0.211189;,
  0.219427;0.627173;-0.184701;,
  0.240404;1.246929;0.075868;,
  0.211068;1.297491;0.114259;,
  0.229392;1.245343;0.111413;,
  -0.151198;1.137969;0.218063;,
  -0.224086;1.124100;0.158024;,
  -0.126986;1.099428;0.228438;,
  -0.248842;0.960769;0.143480;,
  -0.233616;1.062088;0.153297;,
  -0.256987;0.961875;0.133531;,
  -0.248407;1.144563;0.114307;,
  -0.226341;1.241322;0.135180;,
  -0.264314;1.152556;0.104506;,
  -0.289903;0.843046;-0.037974;,
  -0.283177;0.975715;-0.018492;,
  -0.285258;0.843649;-0.053714;,
  -0.089355;0.761557;-0.232641;,
  -0.130328;0.768009;-0.217109;,
  -0.099159;0.775513;-0.245500;,
  0.165172;0.793468;-0.205623;,
  0.141878;1.247708;-0.156646;,
  0.139215;1.325252;-0.143197;,
  0.152837;1.250897;-0.149298;,
  0.195049;1.235720;0.165228;,
  0.139126;1.221790;0.209713;,
  0.175970;1.290126;0.154795;,
  0.129217;1.282048;0.191677;,
  0.119655;1.101710;0.228839;,
  0.124864;1.057615;0.227446;,
  0.138622;0.959699;0.228744;,
  0.217159;0.966814;0.159111;,
  0.224513;1.060500;0.145110;,
  0.209985;1.152852;0.151338;,
  0.238621;0.966286;0.132604;,
  0.165449;0.839725;0.225727;,
  0.228592;0.845120;0.149493;,
  0.257703;0.840421;0.119295;,
  0.249397;0.678663;0.138155;,
  0.196802;0.678737;0.222231;,
  0.284337;0.682754;0.103424;,
  0.218361;0.541574;0.216481;,
  0.268750;0.552039;0.121808;,
  0.310404;0.561433;0.082536;,
  0.240835;0.394872;0.205196;,
  0.294385;0.430821;0.102693;,
  0.336495;0.441604;0.065728;,
  0.323911;0.459413;-0.048201;,
  0.306762;0.577618;-0.014087;,
  0.295656;0.698608;0.023245;,
  0.279245;0.849426;0.053285;,
  0.266709;0.973543;0.073763;,
  0.256717;1.074284;0.089936;,
  0.247469;1.161558;0.103835;,
  0.293973;0.475321;-0.081748;,
  0.287602;0.588651;-0.047470;,
  0.280973;0.708018;-0.011126;,
  0.275383;0.857885;0.017612;,
  0.266685;0.981031;0.045725;,
  0.258800;1.085294;0.063752;,
  0.249613;1.171511;0.073058;,
  0.297691;0.492664;-0.108468;,
  0.292394;0.598407;-0.083233;,
  0.287944;0.719431;-0.062336;,
  0.280430;0.865625;-0.035288;,
  0.276281;0.987359;-0.012646;,
  0.269370;1.092224;0.014280;,
  0.263976;1.178758;0.033465;,
  0.254036;1.255659;0.036564;,
  0.252673;0.509646;-0.189325;,
  0.247743;0.613578;-0.163999;,
  0.239655;0.732205;-0.143267;,
  0.237646;0.873514;-0.116691;,
  0.240463;0.995493;-0.095604;,
  0.247513;1.105169;-0.070586;,
  0.249172;1.189797;-0.050378;,
  0.244982;1.258512;-0.038519;,
  0.215919;0.879527;-0.149203;,
  0.211963;1.000857;-0.138590;,
  0.215741;1.114786;-0.124360;,
  0.207925;1.191171;-0.106495;,
  0.201098;1.256464;-0.104519;,
  0.084546;0.650281;-0.230353;,
  0.079108;0.735897;-0.221060;,
  0.077645;0.757829;-0.221122;,
  0.172847;0.894697;-0.175396;,
  0.167961;0.998102;-0.166479;,
  0.156584;1.112088;-0.152128;,
  0.151661;1.195159;-0.143587;,
  0.163218;0.901264;-0.193486;,
  0.163250;0.999514;-0.184878;,
  0.154647;1.111820;-0.174477;,
  0.081703;0.771393;-0.238336;,
  -0.006521;0.766579;-0.250616;,
  -0.006300;0.759637;-0.235351;,
  0.090496;0.567375;-0.246165;,
  0.237254;1.309171;0.038101;,
  0.222360;1.310267;-0.041381;,
  0.184320;1.318736;-0.098573;,
  -0.146024;1.218933;0.209781;,
  -0.201521;1.234992;0.167080;,
  -0.140404;1.281313;0.191066;,
  -0.177950;1.284833;0.162139;,
  -0.133791;1.042640;0.226583;,
  -0.264639;1.064446;0.100699;,
  -0.208213;1.290475;0.137388;,
  -0.149698;0.940038;0.228479;,
  -0.264321;0.826621;0.140975;,
  -0.167523;0.811194;0.216951;,
  -0.278033;0.827999;0.126175;,
  -0.188871;0.670661;0.209201;,
  -0.287240;0.695750;0.133947;,
  -0.305540;0.697564;0.116867;,
  -0.302047;0.562357;0.125408;,
  -0.210991;0.545073;0.207016;,
  -0.324071;0.562847;0.103378;,
  -0.231680;0.403593;0.195178;,
  -0.315893;0.433681;0.117046;,
  -0.345884;0.437499;0.099488;,
  -0.324726;0.586768;0.006624;,
  -0.328348;0.466882;-0.012720;,
  -0.311897;0.706170;0.032904;,
  -0.300656;0.834819;0.058012;,
  -0.335162;0.591225;-0.015797;,
  -0.341765;0.480523;-0.043831;,
  -0.324899;0.712120;0.012749;,
  -0.310948;0.837926;0.043971;,
  -0.279616;0.966130;0.084720;,
  -0.295229;0.971667;0.068576;,
  -0.283504;1.069236;0.083946;,
  -0.261135;1.254347;0.024369;,
  -0.272202;1.175241;0.007829;,
  -0.242815;1.309285;0.023816;,
  -0.301484;0.610254;-0.092145;,
  -0.315808;0.506882;-0.122511;,
  -0.295332;0.717774;-0.067503;,
  -0.281382;1.078342;-0.005158;,
  -0.282754;0.621539;-0.117406;,
  -0.281746;0.526837;-0.149408;,
  -0.286427;0.723531;-0.085906;,
  -0.236775;1.100046;-0.112530;,
  -0.241977;0.995671;-0.129467;,
  -0.242202;0.864447;-0.142192;,
  -0.223078;1.179281;-0.091557;,
  -0.224064;1.252179;-0.079114;,
  -0.212330;1.316856;-0.069801;,
  -0.236481;0.643494;-0.180162;,
  -0.239354;0.550352;-0.204774;,
  -0.240394;0.752515;-0.157600;,
  -0.146023;0.651981;-0.222744;,
  -0.149112;0.575623;-0.239253;,
  -0.136284;0.738997;-0.214340;,
  -0.175209;0.877003;-0.197592;,
  -0.164481;0.783539;-0.203835;,
  -0.172987;0.994869;-0.183838;,
  -0.165059;1.109183;-0.162172;,
  -0.164968;1.189662;-0.152659;,
  -0.167924;1.248994;-0.142565;,
  -0.161368;1.320902;-0.132281;,
  -0.165271;0.886334;-0.216865;,
  -0.166282;0.796099;-0.221710;,
  -0.163446;1.000235;-0.203182;,
  -0.154701;1.188182;-0.169087;,
  -0.154002;1.248681;-0.159916;,
  -0.155997;1.321785;-0.146226;,
  -0.095140;0.648947;-0.234639;,
  -0.091050;0.732440;-0.225848;,
  0.082188;1.250680;-0.183516;,
  0.080535;1.194485;-0.196626;,
  -0.004658;1.188085;-0.205291;,
  -0.004461;1.241518;-0.202605;,
  -0.090916;1.250789;-0.183526;,
  -0.089471;1.194659;-0.196635;,
  0.000612;1.325527;-0.183669;,
  0.085150;1.326385;-0.171577;,
  -0.083995;1.320079;-0.174229;,
  -0.004990;1.100900;-0.212440;,
  0.080110;1.109900;-0.210146;,
  -0.089368;1.110134;-0.210148;,
  0.148434;1.194721;-0.165445;,
  -0.005496;0.994730;-0.231067;,
  0.079414;1.001322;-0.215911;,
  -0.089087;1.001588;-0.215905;,
  0.079405;0.893134;-0.229505;,
  -0.005787;0.897030;-0.243257;,
  -0.089424;0.893462;-0.229456;,
  0.084814;1.411764;-0.158990;,
  0.120203;1.382461;-0.144696;,
  0.000164;1.417060;-0.165096;,
