xof 0303txt 0032
template Frame {
 <3d82ab46-62da-11cf-ab39-0020af71e433>
 [...]
}

template Matrix4x4 {
 <f6f23f45-7686-11cf-8f52-0040333594a3>
 array FLOAT matrix[16];
}

template FrameTransformMatrix {
 <f6f23f41-7686-11cf-8f52-0040333594a3>
 Matrix4x4 frameMatrix;
}

template ObjectMatrixComment {
 <95a48e28-7ef4-4419-a16a-ba9dbdf0d2bc>
 Matrix4x4 objectMatrix;
}

template Vector {
 <3d82ab5e-62da-11cf-ab39-0020af71e433>
 FLOAT x;
 FLOAT y;
 FLOAT z;
}

template MeshFace {
 <3d82ab5f-62da-11cf-ab39-0020af71e433>
 DWORD nFaceVertexIndices;
 array DWORD faceVertexIndices[nFaceVertexIndices];
}

template Mesh {
 <3d82ab44-62da-11cf-ab39-0020af71e433>
 DWORD nVertices;
 array Vector vertices[nVertices];
 DWORD nFaces;
 array MeshFace faces[nFaces];
 [...]
}

template MeshNormals {
 <f6f23f43-7686-11cf-8f52-0040333594a3>
 DWORD nNormals;
 array Vector normals[nNormals];
 DWORD nFaceNormals;
 array MeshFace faceNormals[nFaceNormals];
}

template Coords2d {
 <f6f23f44-7686-11cf-8f52-0040333594a3>
 FLOAT u;
 FLOAT v;
}

template MeshTextureCoords {
 <f6f23f40-7686-11cf-8f52-0040333594a3>
 DWORD nTextureCoords;
 array Coords2d textureCoords[nTextureCoords];
}

template XSkinMeshHeader {
 <3cf169ce-ff7c-44ab-93c0-f78f62d172e2>
 WORD nMaxSkinWeightsPerVertex;
 WORD nMaxSkinWeightsPerFace;
 WORD nBones;
}

template SkinWeights {
 <6f0d123b-bad2-4167-a0d0-80224f25fabb>
 STRING transformNodeName;
 DWORD nWeights;
 array DWORD vertexIndices[nWeights];
 array FLOAT weights[nWeights];
 Matrix4x4 matrixOffset;
}

template ColorRGBA {
 <35ff44e0-6c7c-11cf-8f52-0040333594a3>
 FLOAT red;
 FLOAT green;
 FLOAT blue;
 FLOAT alpha;
}

template ColorRGB {
 <d3e16e81-7835-11cf-8f52-0040333594a3>
 FLOAT red;
 FLOAT green;
 FLOAT blue;
}

template Material {
 <3d82ab4d-62da-11cf-ab39-0020af71e433>
 ColorRGBA faceColor;
 FLOAT power;
 ColorRGB specularColor;
 ColorRGB emissiveColor;
 [...]
}

template MeshMaterialList {
 <f6f23f42-7686-11cf-8f52-0040333594a3>
 DWORD nMaterials;
 DWORD nFaceIndexes;
 array DWORD faceIndexes[nFaceIndexes];
 [Material <3d82ab4d-62da-11cf-ab39-0020af71e433>]
}

template TextureFilename {
 <a42790e1-7810-11cf-8f52-0040333594a3>
 STRING filename;
}

template AnimTicksPerSecond {
 <9e415a43-7ba6-4a73-8743-b73d47e88476>
 DWORD AnimTicksPerSecond;
}

template Animation {
 <3d82ab4f-62da-11cf-ab39-0020af71e433>
 [...]
}

template AnimationSet {
 <3d82ab50-62da-11cf-ab39-0020af71e433>
 [Animation <3d82ab4f-62da-11cf-ab39-0020af71e433>]
}

template FloatKeys {
 <10dd46a9-775b-11cf-8f52-0040333594a3>
 DWORD nValues;
 array FLOAT values[nValues];
}

template TimedFloatKeys {
 <f406b180-7b3b-11cf-8f52-0040333594a3>
 DWORD time;
 FloatKeys tfkeys;
}

template AnimationKey {
 <10dd46a8-775b-11cf-8f52-0040333594a3>
 DWORD keyType;
 DWORD nKeys;
 array TimedFloatKeys keys[nKeys];
}


Frame Hips {
 

 FrameTransformMatrix relative {
  0.582142,-0.014134,0.812964,0.000000,-0.803977,-0.159259,0.572938,0.000000,0.121374,-0.987136,-0.104075,0.000000,0.000000,0.805537,-0.000000,1.000000;;
 }

 ObjectMatrixComment object {
  1.000000,0.000000,0.000000,0.000000,0.000000,1.000000,0.000000,0.000000,-0.000000,-0.000000,1.000000,0.000000,-0.000000,0.000000,0.000000,1.000000;;
 }

 Frame Spine {
  

  FrameTransformMatrix relative {
   0.996488,-0.068622,0.047983,0.000000,0.067533,0.997429,0.023965,0.000000,-0.049504,-0.020640,0.998561,0.000000,0.000163,-0.011172,-0.105748,1.000000;;
  }

  ObjectMatrixComment object {
   1.000000,0.000000,-0.000000,0.000000,-0.000000,1.000000,-0.000000,0.000000,0.000000,0.000000,1.000000,0.000000,0.000000,0.000000,-0.000000,1.000000;;
  }

  Frame Spine1 {
   

   FrameTransformMatrix relative {
    0.998874,-0.019499,-0.043246,0.000000,0.020427,0.999568,0.021127,0.000000,0.042815,-0.021987,0.998841,0.000000,0.000000,0.000000,-0.124060,1.000000;;
   }

   ObjectMatrixComment object {
    1.000000,0.000000,0.000000,0.000000,0.000000,1.000000,-0.000000,0.000000,0.000000,-0.000000,1.000000,0.000000,0.000000,0.000000,0.000000,1.000000;;
   }

   Frame Spine2 {
    

    FrameTransformMatrix relative {
     0.999577,-0.020544,-0.020604,0.000000,0.020623,0.999781,0.003613,0.000000,0.020525,-0.004037,0.999781,0.000000,0.000000,0.000000,-0.141783,1.000000;;
    }

    ObjectMatrixComment object {
     1.000000,-0.000000,-0.000000,0.000000,0.000000,1.000000,0.000000,0.000000,0.000000,0.000000,1.000000,0.000000,-0.000000,-0.000000,-0.000000,1.000000;;
    }

    Frame Neck {
     

     FrameTransformMatrix relative {
      0.985117,-0.171355,0.013466,0.000000,0.169982,0.982846,0.071553,0.000000,-0.025496,-0.068199,0.997346,0.000000,0.000000,-0.000000,-0.159506,1.000000;;
     }

     ObjectMatrixComment object {
      1.000000,0.000000,-0.000000,0.000000,-0.000000,1.000000,0.000000,0.000000,0.000000,0.000000,1.000000,0.000000,-0.000000,-0.000000,-0.000000,1.000000;;
     }

     Frame Head {
      

      FrameTransformMatrix relative {
       0.912383,-0.393533,0.112643,0.000000,0.401518,0.913932,-0.059267,0.000000,-0.079625,0.099303,0.991866,0.000000,-0.000000,0.009881,-0.055640,1.000000;;
      }

      ObjectMatrixComment object {
       1.000000,0.000000,0.000000,0.000000,0.000000,1.000000,0.000000,0.000000,0.000000,0.000000,1.000000,0.000000,0.000000,0.000000,0.000000,1.000000;;
      }

      Frame HeadTop_End {
       

       FrameTransformMatrix relative {
        1.000000,0.000000,0.000000,0.000000,0.000000,1.000000,0.000000,0.000000,0.000000,0.000000,1.000000,0.000000,-0.000000,0.030869,-0.183119,1.000000;;
       }

       ObjectMatrixComment object {
        1.000000,0.000000,0.000000,0.000000,0.000000,1.000000,0.000000,0.000000,0.000000,0.000000,1.000000,0.000000,-0.000000,0.000000,0.000000,1.000000;;
       }
      }
     }
    }

    Frame LeftShoulder {
     

     FrameTransformMatrix relative {
      0.151297,-0.987375,0.046912,0.000000,-0.215105,0.013435,0.976499,0.000000,-0.964800,-0.157832,-0.210356,0.000000,0.059139,-0.002162,-0.137783,1.000000;;
     }

     ObjectMatrixComment object {
      1.000000,0.000000,-0.000000,0.000000,0.000000,1.000000,0.000000,0.000000,0.000000,0.000000,1.000000,0.000000,-0.000000,0.000000,0.000000,1.000000;;
     }

     Frame LeftArm {
      

      FrameTransformMatrix relative {
       0.953808,-0.090636,-0.286421,0.000000,0.251779,0.761279,0.597546,0.000000,0.163887,-0.642058,0.748934,0.000000,-0.000000,0.000002,-0.126079,1.000000;;
      }

      ObjectMatrixComment object {
       1.000000,-0.000000,0.000000,0.000000,-0.000000,1.000000,-0.000000,0.000000,-0.000000,-0.000000,1.000000,0.000000,0.000000,-0.000000,0.000000,1.000000;;
      }

      Frame LeftForeArm {
       

       FrameTransformMatrix relative {
        -0.079735,0.491310,-0.867328,0.000000,-0.021124,0.869069,0.494238,0.000000,0.996592,0.057730,-0.058917,0.000000,0.000000,0.000000,-0.255743,1.000000;;
       }

       ObjectMatrixComment object {
        1.000000,0.000000,-0.000000,0.000000,0.000000,1.000000,0.000000,0.000000,0.000000,0.000000,1.000000,0.000000,0.000000,0.000000,0.000000,1.000000;;
       }

       Frame LeftHand {
        

        FrameTransformMatrix relative {
         0.986242,-0.154574,0.058606,0.000000,0.157114,0.986707,-0.041514,0.000000,-0.051410,0.050151,0.997418,0.000000,0.000301,-0.006039,-0.215949,1.000000;;
        }

        ObjectMatrixComment object {
         1.000000,-0.000000,0.000000,0.000000,0.000000,1.000000,0.000000,0.000000,-0.000000,0.000000,1.000000,0.000000,0.000000,0.000000,-0.000000,1.000000;;
        }

        Frame LeftHandThumb1 {
         

         FrameTransformMatrix relative {
          0.674268,0.096065,-0.732212,0.000000,-0.394451,-0.791367,-0.467062,0.000000,-0.624316,0.603747,-0.495700,0.000000,-0.029266,0.016595,-0.032423,1.000000;;
         }

         ObjectMatrixComment object {
          1.000000,-0.000000,-0.000000,0.000000,0.000000,1.000000,0.000000,0.000000,-0.000000,0.000000,1.000000,0.000000,0.000000,0.000000,0.000000,1.000000;;
         }

         Frame LeftHandThumb2 {
          

          FrameTransformMatrix relative {
           0.858240,0.229043,-0.459307,0.000000,-0.174609,0.971821,0.158351,0.000000,0.482633,-0.055704,0.874049,0.000000,0.002369,-0.000178,0.027983,1.000000;;
          }

          ObjectMatrixComment object {
           1.000000,-0.000000,0.000000,0.000000,0.000000,1.000000,0.000000,0.000000,0.000000,-0.000000,1.000000,0.000000,0.000000,-0.000000,0.000000,1.000000;;
          }

          Frame LeftHandThumb3 {
           

           FrameTransformMatrix relative {
            0.583529,0.800515,0.136634,0.000000,-0.785526,0.513711,0.345036,0.000000,0.206016,-0.308668,0.928591,0.000000,-0.002058,0.000768,0.023688,1.000000;;
           }

           ObjectMatrixComment object {
            1.000000,0.000000,0.000000,0.000000,0.000000,1.000000,0.000000,0.000000,0.000000,-0.000000,1.000000,0.000000,0.000000,0.000000,0.000000,1.000000;;
           }

           Frame LeftHandThumb4 {
            

            FrameTransformMatrix relative {
             1.000000,0.000000,0.000000,0.000000,0.000000,1.000000,0.000000,0.000000,0.000000,-0.000000,1.000000,0.000000,-0.001444,-0.003127,0.024206,1.000000;;
            }

            ObjectMatrixComment object {
             1.000000,0.000000,0.000000,0.000000,0.000000,1.000000,0.000000,0.000000,0.000000,-0.000000,1.000000,0.000000,0.000000,0.000000,0.000000,1.000000;;
            }
           }
          }
         }
        }

        Frame LeftHandIndex1 {
         

         FrameTransformMatrix relative {
          0.919519,0.174667,-0.352102,0.000000,-0.319250,-0.190642,-0.928297,0.000000,-0.229268,0.965995,-0.119537,0.000000,-0.029350,-0.000517,-0.097548,1.000000;;
         }

         ObjectMatrixComment object {
          1.000000,-0.000000,0.000000,0.000000,0.000000,1.000000,0.000000,0.000000,0.000000,-0.000000,1.000000,0.000000,-0.000000,0.000000,-0.000000,1.000000;;
         }

         Frame LeftHandIndex2 {
          

          FrameTransformMatrix relative {
           0.961243,-0.065375,0.267841,0.000000,-0.220519,0.400786,0.889237,0.000000,-0.165481,-0.913836,0.370836,0.000000,-0.002356,-0.001287,0.037672,1.000000;;
          }

          ObjectMatrixComment object {
           1.000000,0.000000,0.000000,0.000000,0.000000,1.000000,0.000000,0.000000,0.000000,-0.000000,1.000000,0.000000,0.000000,0.000000,-0.000000,1.000000;;
          }

          Frame LeftHandIndex3 {
           

           FrameTransformMatrix relative {
            0.978766,-0.060871,0.195736,0.000000,-0.161973,0.355565,0.920510,0.000000,-0.125630,-0.932668,0.338155,0.000000,-0.001465,-0.000468,0.025384,1.000000;;
           }

           ObjectMatrixComment object {
            1.000000,0.000000,0.000000,0.000000,0.000000,1.000000,-0.000000,0.000000,-0.000000,0.000000,1.000000,0.000000,0.000000,-0.000000,0.000000,1.000000;;
           }

           Frame LeftHandIndex4 {
            

            FrameTransformMatrix relative {
             1.000000,0.000000,0.000000,0.000000,0.000000,1.000000,0.000000,0.000000,-0.000000,0.000000,1.000000,0.000000,-0.000547,-0.000275,0.025283,1.000000;;
            }

            ObjectMatrixComment object {
             1.000000,0.000000,0.000000,0.000000,-0.000000,1.000000,0.000000,0.000000,0.000000,-0.000000,1.000000,0.000000,0.000000,-0.000000,0.000000,1.000000;;
            }
           }
          }
         }
        }

        Frame LeftHandMiddle1 {
         

         FrameTransformMatrix relative {
          0.953981,0.233299,-0.188392,0.000000,-0.197011,0.013987,-0.980301,0.000000,-0.226069,0.972304,0.059306,0.000000,-0.006795,0.006665,-0.096540,1.000000;;
         }

         ObjectMatrixComment object {
          1.000000,-0.000000,0.000000,0.000000,-0.000000,1.000000,0.000000,0.000000,-0.000000,-0.000000,1.000000,0.000000,0.000000,0.000000,0.000000,1.000000;;
         }

         Frame LeftHandMiddle2 {
          

          FrameTransformMatrix relative {
           0.957297,-0.064324,0.281860,0.000000,-0.249124,0.311160,0.917124,0.000000,-0.146697,-0.948178,0.281848,0.000000,-0.001952,0.001680,0.040064,1.000000;;
          }

          ObjectMatrixComment object {
           1.000000,0.000000,0.000000,0.000000,0.000000,1.000000,0.000000,0.000000,0.000000,-0.000000,1.000000,0.000000,0.000000,-0.000000,-0.000000,1.000000;;
          }

          Frame LeftHandMiddle3 {
           

           FrameTransformMatrix relative {
            0.978215,-0.050103,0.201456,0.000000,-0.172266,0.345607,0.922432,0.000000,-0.115842,-0.937041,0.329446,0.000000,-0.001957,-0.000071,0.029903,1.000000;;
           }

           ObjectMatrixComment object {
            1.000000,0.000000,-0.000000,0.000000,0.000000,1.000000,-0.000000,0.000000,-0.000000,0.000000,1.000000,0.000000,0.000000,-0.000000,0.000000,1.000000;;
           }

           Frame LeftHandMiddle4 {
            

            FrameTransformMatrix relative {
             1.000000,0.000000,-0.000000,0.000000,0.000000,1.000000,-0.000000,0.000000,0.000000,0.000000,1.000000,0.000000,-0.000796,0.001603,0.028193,1.000000;;
            }

            ObjectMatrixComment object {
             1.000000,0.000000,-0.000000,0.000000,0.000000,1.000000,-0.000000,0.000000,-0.000000,0.000000,1.000000,0.000000,-0.000000,-0.000000,0.000000,1.000000;;
            }
           }
          }
         }
        }

        Frame LeftHandRing1 {
         

         FrameTransformMatrix relative {
          0.943249,0.289144,-0.163332,0.000000,-0.194510,0.082398,-0.977434,0.000000,-0.269161,0.953733,0.133963,0.000000,0.015716,0.009269,-0.094002,1.000000;;
         }

         ObjectMatrixComment object {
          1.000000,0.000000,0.000000,0.000000,-0.000000,1.000000,0.000000,0.000000,0.000000,0.000000,1.000000,0.000000,0.000000,0.000000,0.000000,1.000000;;
         }

         Frame LeftHandRing2 {
          

          FrameTransformMatrix relative {
           0.984005,-0.091034,0.153121,0.000000,-0.078707,0.548937,0.832150,0.000000,-0.159808,-0.830892,0.532992,0.000000,0.000622,0.001617,0.040157,1.000000;;
          }

          ObjectMatrixComment object {
           1.000000,0.000000,0.000000,0.000000,0.000000,1.000000,0.000000,0.000000,0.000000,0.000000,1.000000,0.000000,0.000000,0.000000,0.000000,1.000000;;
          }

          Frame LeftHandRing3 {
           

           FrameTransformMatrix relative {
            0.978141,-0.122471,0.168054,0.000000,-0.122142,0.315678,0.940972,0.000000,-0.168293,-0.940929,0.293819,0.000000,-0.000585,-0.000921,0.027887,1.000000;;
           }

           ObjectMatrixComment object {
            1.000000,-0.000000,0.000000,0.000000,0.000000,1.000000,0.000000,0.000000,0.000000,0.000000,1.000000,0.000000,-0.000000,0.000000,0.000000,1.000000;;
           }

           Frame LeftHandRing4 {
            

            FrameTransformMatrix relative {
             1.000000,-0.000000,0.000000,0.000000,0.000000,1.000000,0.000000,0.000000,0.000000,0.000000,1.000000,0.000000,-0.000319,-0.000697,0.025396,1.000000;;
            }

            ObjectMatrixComment object {
             1.000000,-0.000000,0.000000,0.000000,0.000000,1.000000,0.000000,0.000000,0.000000,0.000000,1.000000,0.000000,0.000000,0.000000,0.000000,1.000000;;
            }
           }
          }
         }
        }

        Frame LeftHandPinky1 {
         

         FrameTransformMatrix relative {
          0.961704,0.264024,-0.073597,0.000000,-0.058715,-0.063832,-0.996232,0.000000,-0.267727,0.962402,-0.045885,0.000000,0.040304,0.013001,-0.092230,1.000000;;
         }

         ObjectMatrixComment object {
          1.000000,0.000000,0.000000,0.000000,-0.000000,1.000000,-0.000000,0.000000,-0.000000,0.000000,1.000000,0.000000,0.000000,0.000000,0.000000,1.000000;;
         }

         Frame LeftHandPinky2 {
          

          FrameTransformMatrix relative {
           0.982030,-0.016261,0.188025,0.000000,-0.179287,0.230777,0.956347,0.000000,-0.058943,-0.972871,0.223714,0.000000,-0.002439,-0.001981,0.035487,1.000000;;
          }

          ObjectMatrixComment object {
           1.000000,-0.000000,-0.000000,0.000000,0.000000,1.000000,0.000000,0.000000,0.000000,-0.000000,1.000000,0.000000,0.000000,0.000000,0.000000,1.000000;;
          }

          Frame LeftHandPinky3 {
           

           FrameTransformMatrix relative {
            0.975925,-0.002171,0.218096,0.000000,-0.167247,0.634389,0.754705,0.000000,-0.139996,-0.773011,0.618753,0.000000,-0.002980,0.000261,0.023159,1.000000;;
           }

           ObjectMatrixComment object {
            1.000000,0.000000,-0.000000,0.000000,-0.000000,1.000000,-0.000000,0.000000,-0.000000,0.000000,1.000000,0.000000,0.000000,0.000000,0.000000,1.000000;;
           }

           Frame LeftHandPinky4 {
            

            FrameTransformMatrix relative {
             1.000000,0.000000,-0.000000,0.000000,-0.000000,1.000000,0.000000,0.000000,0.000000,0.000000,1.000000,0.000000,-0.001177,0.001221,0.020302,1.000000;;
            }

            ObjectMatrixComment object {
             1.000000,-0.000000,-0.000000,0.000000,0.000000,1.000000,0.000000,0.000000,0.000000,-0.000000,1.000000,0.000000,0.000000,-0.000000,0.000000,1.000000;;
            }
           }
          }
         }
        }
       }
      }
     }
    }

    Frame RightShoulder {
     

     FrameTransformMatrix relative {
      -0.345543,0.929261,-0.130669,0.000000,0.130358,0.185430,0.973973,0.000000,0.929305,0.319515,-0.185210,0.000000,-0.060002,-0.002181,-0.137601,1.000000;;
     }

     ObjectMatrixComment object {
      1.000000,-0.000000,0.000000,0.000000,-0.000000,1.000000,0.000000,0.000000,-0.000000,0.000000,1.000000,0.000000,0.000000,-0.000000,0.000000,1.000000;;
     }

     Frame RightArm {
      

      FrameTransformMatrix relative {
       0.979394,0.194093,0.055812,0.000000,-0.177472,0.695237,0.696527,0.000000,0.096389,-0.692079,0.715357,0.000000,-0.000043,0.000386,-0.126078,1.000000;;
      }

      ObjectMatrixComment object {
       1.000000,0.000000,-0.000000,0.000000,0.000000,1.000000,0.000000,0.000000,-0.000000,0.000000,1.000000,0.000000,0.000000,0.000000,0.000000,1.000000;;
      }

      Frame RightForeArm {
       

       FrameTransformMatrix relative {
        0.263467,-0.055211,0.963087,0.000000,0.004201,0.998417,0.056087,0.000000,-0.964659,-0.010732,0.263282,0.000000,0.000028,0.000787,-0.255742,1.000000;;
       }

       ObjectMatrixComment object {
        1.000000,0.000000,0.000000,0.000000,-0.000000,1.000000,0.000000,0.000000,0.000000,-0.000000,1.000000,0.000000,0.000000,-0.000000,0.000000,1.000000;;
       }

       Frame RightHand {
        

        FrameTransformMatrix relative {
         0.898156,0.133181,0.419021,0.000000,-0.138780,0.990173,-0.017244,0.000000,-0.417199,-0.042664,0.907813,0.000000,-0.000278,-0.005373,-0.215968,1.000000;;
        }

        ObjectMatrixComment object {
         1.000000,0.000000,-0.000000,0.000000,0.000000,1.000000,-0.000000,0.000000,0.000000,-0.000000,1.000000,0.000000,-0.000000,0.000000,-0.000000,1.000000;;
        }

        Frame RightHandThumb1 {
         

         FrameTransformMatrix relative {
          0.907445,0.047065,0.417528,0.000000,0.380790,-0.512155,-0.769868,0.000000,0.177605,0.857603,-0.482674,0.000000,0.029291,0.016687,-0.032351,1.000000;;
         }

         ObjectMatrixComment object {
          1.000000,0.000000,0.000000,0.000000,0.000000,1.000000,0.000000,0.000000,-0.000000,0.000000,1.000000,0.000000,0.000000,-0.000000,0.000000,1.000000;;
         }

         Frame RightHandThumb2 {
          

          FrameTransformMatrix relative {
           0.933668,-0.286947,0.214302,0.000000,0.317368,0.940185,-0.123812,0.000000,-0.165957,0.183612,0.968889,0.000000,-0.002335,-0.000235,0.027986,1.000000;;
          }

          ObjectMatrixComment object {
           1.000000,0.000000,0.000000,0.000000,-0.000000,1.000000,0.000000,0.000000,0.000000,0.000000,1.000000,0.000000,0.000000,-0.000000,0.000000,1.000000;;
          }

          Frame RightHandThumb3 {
           

           FrameTransformMatrix relative {
            0.914451,0.313108,0.256404,0.000000,-0.214193,0.912011,-0.349796,0.000000,-0.343367,0.264952,0.901055,0.000000,0.002096,0.000729,0.023686,1.000000;;
           }

           ObjectMatrixComment object {
            1.000000,0.000000,-0.000000,0.000000,-0.000000,1.000000,0.000000,0.000000,0.000000,-0.000000,1.000000,0.000000,-0.000000,0.000000,0.000000,1.000000;;
           }

           Frame RightHandThumb4 {
            

            FrameTransformMatrix relative {
             1.000000,0.000000,-0.000000,0.000000,-0.000000,1.000000,0.000000,0.000000,0.000000,-0.000000,1.000000,0.000000,0.001486,-0.003168,0.024198,1.000000;;
            }

            ObjectMatrixComment object {
             1.000000,0.000000,-0.000000,0.000000,-0.000000,1.000000,0.000000,0.000000,0.000000,0.000000,1.000000,0.000000,0.000000,-0.000000,0.000000,1.000000;;
            }
           }
          }
         }
        }

        Frame RightHandPinky1 {
         

         FrameTransformMatrix relative {
          0.955685,-0.189845,0.224999,0.000000,0.212157,-0.085719,-0.973469,0.000000,0.204095,0.978065,-0.041644,0.000000,-0.040237,0.013282,-0.092217,1.000000;;
         }

         ObjectMatrixComment object {
          1.000000,-0.000000,0.000000,0.000000,0.000000,1.000000,0.000000,0.000000,-0.000000,0.000000,1.000000,0.000000,-0.000000,-0.000000,0.000000,1.000000;;
         }

         Frame RightHandPinky2 {
          

          FrameTransformMatrix relative {
           0.991720,-0.017826,-0.127173,0.000000,0.116656,0.539075,0.834140,0.000000,0.053686,-0.842069,0.536691,0.000000,0.002464,-0.002087,0.035479,1.000000;;
          }

          ObjectMatrixComment object {
           1.000000,0.000000,-0.000000,0.000000,0.000000,1.000000,0.000000,0.000000,0.000000,-0.000000,1.000000,0.000000,-0.000000,0.000000,-0.000000,1.000000;;
          }

          Frame RightHandPinky3 {
           

           FrameTransformMatrix relative {
            0.988381,-0.019760,-0.150703,0.000000,0.088544,0.880750,0.465230,0.000000,0.123539,-0.473168,0.872267,0.000000,0.002995,0.000190,0.023158,1.000000;;
           }

           ObjectMatrixComment object {
            1.000000,0.000000,0.000000,0.000000,0.000000,1.000000,-0.000000,0.000000,-0.000000,0.000000,1.000000,0.000000,0.000000,0.000000,-0.000000,1.000000;;
           }

           Frame RightHandPinky4 {
            

            FrameTransformMatrix relative {
             1.000000,-0.000000,-0.000000,0.000000,0.000000,1.000000,0.000000,0.000000,0.000000,0.000000,1.000000,0.000000,0.001191,0.001160,0.020305,1.000000;;
            }

            ObjectMatrixComment object {
             1.000000,0.000000,0.000000,0.000000,-0.000000,1.000000,0.000000,0.000000,-0.000000,0.000000,1.000000,0.000000,-0.000000,0.000000,0.000000,1.000000;;
            }
           }
          }
         }
        }

        Frame RightHandRing1 {
         

         FrameTransformMatrix relative {
          0.973265,-0.162948,0.161871,0.000000,0.148178,-0.093026,-0.984576,0.000000,0.175493,0.982239,-0.066394,0.000000,-0.015649,0.009552,-0.093983,1.000000;;
         }

         ObjectMatrixComment object {
          1.000000,0.000000,-0.000000,0.000000,0.000000,1.000000,0.000000,0.000000,0.000000,0.000000,1.000000,0.000000,-0.000000,0.000000,-0.000000,1.000000;;
         }

         Frame RightHandRing2 {
          

          FrameTransformMatrix relative {
           0.977277,0.113386,-0.179089,0.000000,0.122871,0.385424,0.914522,0.000000,0.172720,-0.915746,0.362734,0.000000,-0.000593,0.001497,0.040162,1.000000;;
          }

          ObjectMatrixComment object {
           1.000000,0.000000,-0.000000,0.000000,0.000000,1.000000,0.000000,0.000000,0.000000,-0.000000,1.000000,0.000000,0.000000,0.000000,0.000000,1.000000;;
          }

          Frame RightHandRing3 {
           

           FrameTransformMatrix relative {
            0.993704,0.037374,-0.105624,0.000000,0.037519,0.777296,0.628016,0.000000,0.105572,-0.628025,0.770999,0.000000,0.000605,-0.001005,0.027884,1.000000;;
           }

           ObjectMatrixComment object {
            1.000000,0.000000,-0.000000,0.000000,-0.000000,1.000000,0.000000,0.000000,0.000000,-0.000000,1.000000,0.000000,0.000000,0.000000,0.000000,1.000000;;
           }

           Frame RightHandRing4 {
            

            FrameTransformMatrix relative {
             1.000000,0.000000,-0.000000,0.000000,-0.000000,1.000000,0.000000,0.000000,0.000000,-0.000000,1.000000,0.000000,0.000337,-0.000773,0.025393,1.000000;;
            }

            ObjectMatrixComment object {
             1.000000,0.000000,-0.000000,0.000000,-0.000000,1.000000,0.000000,0.000000,0.000000,-0.000000,1.000000,0.000000,0.000000,0.000000,0.000000,1.000000;;
            }
           }
          }
         }
        }

        Frame RightHandMiddle1 {
         

         FrameTransformMatrix relative {
          0.971555,-0.109132,0.210169,0.000000,0.170999,-0.290677,-0.941417,0.000000,0.163830,0.950578,-0.263747,0.000000,0.006864,0.006951,-0.096513,1.000000;;
         }

         ObjectMatrixComment object {
          1.000000,0.000000,0.000000,0.000000,0.000000,1.000000,-0.000000,0.000000,-0.000000,0.000000,1.000000,0.000000,0.000000,0.000000,-0.000000,1.000000;;
         }

         Frame RightHandMiddle2 {
          

          FrameTransformMatrix relative {
           0.951616,0.084908,-0.295325,0.000000,0.276728,0.181031,0.943742,0.000000,0.133595,-0.979805,0.148775,0.000000,0.001980,0.001559,0.040067,1.000000;;
          }

          ObjectMatrixComment object {
           1.000000,0.000000,0.000000,0.000000,-0.000000,1.000000,-0.000000,0.000000,-0.000000,-0.000000,1.000000,0.000000,-0.000000,0.000000,-0.000000,1.000000;;
          }

          Frame RightHandMiddle3 {
           

           FrameTransformMatrix relative {
            0.993827,-0.006061,-0.110777,0.000000,0.069799,0.810293,0.581854,0.000000,0.086235,-0.585994,0.805714,0.000000,0.001977,-0.000161,0.029901,1.000000;;
           }

           ObjectMatrixComment object {
            1.000000,0.000000,0.000000,0.000000,0.000000,1.000000,0.000000,0.000000,-0.000000,0.000000,1.000000,0.000000,-0.000000,0.000000,-0.000000,1.000000;;
           }

           Frame RightHandMiddle4 {
            

            FrameTransformMatrix relative {
             1.000000,0.000000,0.000000,0.000000,0.000000,1.000000,0.000000,0.000000,-0.000000,0.000000,1.000000,0.000000,0.000815,0.001518,0.028197,1.000000;;
            }

            ObjectMatrixComment object {
             1.000000,0.000000,0.000000,0.000000,0.000000,1.000000,0.000000,0.000000,-0.000000,0.000000,1.000000,0.000000,0.000000,0.000000,0.000000,1.000000;;
            }
           }
          }
         }
        }

        Frame RightHandIndex1 {
         

         FrameTransformMatrix relative {
          0.988466,-0.058036,0.139884,0.000000,0.098295,-0.456819,-0.884112,0.000000,0.115212,0.887664,-0.445845,0.000000,0.029418,-0.000230,-0.097527,1.000000;;
         }

         ObjectMatrixComment object {
          1.000000,0.000000,0.000000,0.000000,0.000000,1.000000,-0.000000,0.000000,0.000000,0.000000,1.000000,0.000000,0.000000,0.000000,-0.000000,1.000000;;
         }

         Frame RightHandIndex2 {
          

          FrameTransformMatrix relative {
           0.961779,0.063504,-0.266360,0.000000,0.217446,0.414088,0.883883,0.000000,0.166427,-0.908019,0.384453,0.000000,0.002383,-0.001401,0.037666,1.000000;;
          }

          ObjectMatrixComment object {
           1.000000,0.000000,0.000000,0.000000,0.000000,1.000000,0.000000,0.000000,0.000000,0.000000,1.000000,0.000000,0.000000,0.000000,-0.000000,1.000000;;
          }

          Frame RightHandIndex3 {
           

           FrameTransformMatrix relative {
            0.982225,0.034051,-0.184592,0.000000,0.141449,0.512195,0.847141,0.000000,0.123393,-0.858194,0.498275,0.000000,0.001483,-0.000545,0.025381,1.000000;;
           }

           ObjectMatrixComment object {
            1.000000,-0.000000,0.000000,0.000000,0.000000,1.000000,0.000000,0.000000,-0.000000,0.000000,1.000000,0.000000,-0.000000,0.000000,-0.000000,1.000000;;
           }

           Frame RightHandIndex4 {
            

            FrameTransformMatrix relative {
             1.000000,-0.000000,0.000000,0.000000,0.000000,1.000000,0.000000,0.000000,-0.000000,0.000000,1.000000,0.000000,0.000564,-0.000351,0.025282,1.000000;;
            }

            ObjectMatrixComment object {
             1.000000,-0.000000,0.000000,0.000000,-0.000000,1.000000,0.000000,0.000000,0.000000,0.000000,1.000000,0.000000,0.000000,-0.000000,-0.000000,1.000000;;
            }
           }
          }
         }
        }
       }
      }
     }
    }
   }
  }
 }

 Frame LeftUpLeg {
  

  FrameTransformMatrix relative {
   -0.655581,0.754997,-0.013926,0.000000,0.432520,0.360322,-0.826495,0.000000,-0.618983,-0.547858,-0.562772,0.000000,0.097897,-0.005837,0.058749,1.000000;;
  }

  ObjectMatrixComment object {
   1.000000,-0.000000,0.000000,0.000000,0.000000,1.000000,-0.000000,0.000000,-0.000000,-0.000000,1.000000,0.000000,0.000000,0.000000,0.000000,1.000000;;
  }

  Frame LeftLeg {
   

   FrameTransformMatrix relative {
    0.964494,-0.226026,0.136618,0.000000,0.251049,0.623983,-0.740014,0.000000,0.082015,0.748036,0.658571,0.000000,-0.000000,-0.000000,-0.417022,1.000000;;
   }

   ObjectMatrixComment object {
    1.000000,0.000000,-0.000000,0.000000,0.000000,1.000000,0.000000,0.000000,-0.000000,0.000000,1.000000,0.000000,0.000000,-0.000000,0.000000,1.000000;;
   }

   Frame LeftFoot {
    

    FrameTransformMatrix relative {
     0.979595,-0.085910,0.181695,0.000000,-0.089657,0.622310,0.777620,0.000000,-0.179875,-0.778043,0.601909,0.000000,0.000000,-0.000000,-0.369806,1.000000;;
    }

    ObjectMatrixComment object {
     1.000000,-0.000000,0.000000,0.000000,0.000000,1.000000,0.000000,0.000000,-0.000000,0.000000,1.000000,0.000000,0.000000,0.000000,-0.000000,1.000000;;
    }

    Frame LeftToeBase {
     

     FrameTransformMatrix relative {
      0.993572,-0.113195,0.001496,0.000000,0.082482,0.732909,0.675309,0.000000,-0.077538,-0.670844,0.737534,0.000000,0.000000,0.000000,-0.166057,1.000000;;
     }

     ObjectMatrixComment object {
      1.000000,0.000000,0.000000,0.000000,0.000000,1.000000,0.000000,0.000000,0.000000,0.000000,1.000000,0.000000,-0.000000,0.000000,0.000000,1.000000;;
     }

     Frame LeftToe_End {
      

      FrameTransformMatrix relative {
       1.000000,0.000000,0.000000,0.000000,0.000000,1.000000,0.000000,0.000000,0.000000,0.000000,1.000000,0.000000,-0.000000,0.000000,-0.060005,1.000000;;
      }

      ObjectMatrixComment object {
       1.000000,-0.000000,0.000000,0.000000,0.000000,1.000000,0.000000,0.000000,-0.000000,-0.000000,1.000000,0.000000,-0.000000,0.000000,-0.000000,1.000000;;
      }
     }
    }
   }
  }
 }

 Frame RightUpLeg {
  

  FrameTransformMatrix relative {
   -0.754074,-0.559328,-0.344276,0.000000,-0.340038,0.780931,-0.523948,0.000000,0.561914,-0.278029,-0.779072,0.000000,-0.098570,-0.005150,0.058749,1.000000;;
  }

  ObjectMatrixComment object {
   1.000000,-0.000000,-0.000000,0.000000,0.000000,1.000000,0.000000,0.000000,0.000000,-0.000000,1.000000,0.000000,0.000000,0.000000,0.000000,1.000000;;
  }

  Frame RightLeg {
   

   FrameTransformMatrix relative {
    0.997138,0.053302,0.053625,0.000000,0.001353,0.696541,-0.717516,0.000000,-0.075597,0.715535,0.694475,0.000000,0.000000,-0.000000,-0.417028,1.000000;;
   }

   ObjectMatrixComment object {
    1.000000,-0.000000,0.000000,0.000000,0.000000,1.000000,-0.000000,0.000000,0.000000,0.000000,1.000000,0.000000,0.000000,0.000000,0.000000,1.000000;;
   }

   Frame RightFoot {
    

    FrameTransformMatrix relative {
     0.857340,0.151492,-0.491954,0.000000,0.407011,0.385591,0.828047,0.000000,0.315136,-0.910148,0.268924,0.000000,0.000000,-0.000000,-0.369987,1.000000;;
    }

    ObjectMatrixComment object {
     1.000000,0.000000,-0.000000,0.000000,0.000000,1.000000,0.000000,0.000000,0.000000,0.000000,1.000000,0.000000,0.000000,0.000000,0.000000,1.000000;;
    }

    Frame RightToeBase {
     

     FrameTransformMatrix relative {
      0.999109,0.041929,0.004902,0.000000,-0.035067,0.759680,0.649351,0.000000,0.023503,-0.648944,0.760474,0.000000,-0.000000,0.000000,-0.167122,1.000000;;
     }

     ObjectMatrixComment object {
      1.000000,0.000000,0.000000,0.000000,-0.000000,1.000000,0.000000,0.000000,0.000000,0.000000,1.000000,0.000000,-0.000000,-0.000000,0.000000,1.000000;;
     }

     Frame RightToe_End {
      

      FrameTransformMatrix relative {
       1.000000,-0.000000,0.000000,0.000000,-0.000000,1.000000,0.000000,0.000000,0.000000,0.000000,1.000000,0.000000,-0.000000,-0.000000,-0.060491,1.000000;;
      }

      ObjectMatrixComment object {
       1.000000,-0.000000,0.000000,0.000000,0.000000,1.000000,0.000000,0.000000,0.000000,0.000000,1.000000,0.000000,0.000000,-0.000000,0.000000,1.000000;;
      }
     }
    }
   }
  }
 }
}

Frame Paladin_J_Nordstrom {
 

 FrameTransformMatrix relative {
  1.000000,0.000000,0.000000,0.000000,0.000000,-0.000000,1.000000,0.000000,0.000000,-1.000000,-0.000000,0.000000,0.000000,0.000000,0.000000,1.000000;;
 }

 ObjectMatrixComment object {
  1.000000,0.000000,0.000000,0.000000,0.000000,1.000000,0.000000,0.000000,0.000000,0.000000,1.000000,0.000000,0.000000,0.000000,0.000000,1.000000;;
 }

 Mesh mesh_P {
  8623;
  -0.054702;1.421285;0.077661;,
  -0.041870;1.416310;0.084801;,
  -0.042009;1.418833;0.081323;,
  -0.054946;1.424109;0.074602;,
  -0.137080;1.134600;-0.043778;,
  -0.139592;1.149418;-0.044762;,
  -0.132271;1.150129;-0.054492;,
  -0.130068;1.134275;-0.053628;,
  -0.109493;1.116797;0.065744;,
  -0.128444;1.118294;0.038690;,
  -0.126423;1.099346;0.038306;,
  -0.106678;1.097337;0.066052;,
  -0.088690;1.138848;-0.093363;,
  -0.090738;1.165029;-0.097221;,
  -0.062590;1.174789;-0.110656;,
  -0.060954;1.142462;-0.104051;,
  -0.137726;1.149912;0.016586;,
  -0.139953;1.151570;-0.008925;,
  -0.145539;1.150415;-0.004345;,
  -0.140948;1.146920;0.009194;,
  -0.097817;1.373974;-0.161368;,
  -0.112964;1.380931;-0.161031;,
  -0.111141;1.403360;-0.160594;,
  -0.091744;1.394618;-0.161224;,
  -0.144404;1.186254;0.045902;,
  -0.125684;1.193610;0.072042;,
  -0.126785;1.211820;0.072474;,
  -0.142874;1.204256;0.046371;,
  -0.127340;1.211105;-0.092021;,
  -0.146069;1.195674;-0.067070;,
  -0.148346;1.213467;-0.070237;,
  -0.132798;1.230129;-0.096088;,
  -0.109433;1.118126;-0.071359;,
  -0.087195;1.117185;-0.092864;,
  -0.087452;1.097964;-0.092470;,
  -0.108000;1.099348;-0.071105;,
  -0.133502;1.119140;0.015837;,
  -0.131196;1.100674;0.015741;,
  -0.024608;1.145153;-0.111790;,
  -0.025526;1.186162;-0.119988;,
  -0.000000;1.188137;-0.121552;,
  -0.000000;1.145315;-0.113275;,
  -0.127829;1.117694;-0.052852;,
  -0.125971;1.101779;-0.052682;,
  -0.088521;1.374163;0.095691;,
  -0.079507;1.386411;0.092194;,
  -0.080666;1.388500;0.096521;,
  -0.089681;1.376252;0.100018;,
  -0.077800;1.400553;0.085824;,
  -0.078960;1.402642;0.090151;,
  -0.135757;1.386411;0.077121;,
  -0.129699;1.374163;0.084657;,
  -0.130859;1.376252;0.088984;,
  -0.136917;1.388500;0.081448;,
  -0.077361;1.419846;0.069953;,
  -0.089882;1.434106;0.058699;,
  -0.094820;1.433984;0.056441;,
  -0.080941;1.419450;0.069297;,
  -0.054856;1.434824;0.055543;,
  -0.055818;1.413787;0.073116;,
  -0.042369;1.407058;0.080709;,
  -0.041657;1.430583;0.060829;,
  -0.028527;1.404070;0.084874;,
  -0.027761;1.427458;0.064494;,
  -0.014200;1.414396;0.088612;,
  -0.000000;1.413847;0.090554;,
  -0.000000;1.401049;0.090554;,
  -0.014200;1.401598;0.088612;,
  -0.068827;1.398553;0.079733;,
  -0.054653;1.384239;0.091470;,
  -0.054243;1.393295;0.092169;,
  -0.067816;1.405706;0.081454;,
  -0.086018;1.434047;0.051299;,
  -0.097267;1.428130;0.052275;,
  -0.083571;1.439901;0.055465;,
  -0.042369;1.407058;0.080709;,
  -0.055818;1.413787;0.073116;,
  -0.109985;1.417808;0.063293;,
  -0.110557;1.418839;0.065430;,
  -0.095485;1.418839;0.069468;,
  -0.094912;1.417808;0.067331;,
  -0.083285;1.411768;0.076151;,
  -0.082713;1.410737;0.074014;,
  -0.077227;1.399521;0.083687;,
  -0.076655;1.398489;0.081550;,
  -0.083206;1.351669;0.099319;,
  -0.101855;1.366061;0.093241;,
  -0.101282;1.365029;0.091104;,
  -0.082705;1.350655;0.097249;,
  -0.101282;1.365029;0.091104;,
  -0.101855;1.366061;0.093241;,
  -0.116927;1.366061;0.089202;,
  -0.116355;1.365029;0.088660;,
  -0.025254;1.363707;0.113472;,
  -0.044071;1.372316;0.107544;,
  -0.047695;1.362012;0.108831;,
  -0.028251;1.351679;0.117618;,
  -0.007281;1.316250;0.131059;,
  -0.013633;1.328208;0.128227;,
  -0.030916;1.338025;0.119663;,
  -0.034614;1.320464;0.116608;,
  -0.028288;1.414299;0.088936;,
  -0.016130;1.412927;0.092186;,
  -0.028369;1.416419;0.085144;,
  -0.028527;1.404070;0.084874;,
  -0.000000;1.155501;0.112987;,
  -0.000000;1.193721;0.116655;,
  -0.017042;1.192909;0.115298;,
  -0.016477;1.155027;0.110262;,
  -0.103753;1.235831;-0.116298;,
  -0.108342;1.254973;-0.120585;,
  -0.115136;1.152574;0.066082;,
  -0.082320;1.166893;0.090488;,
  -0.085009;1.186737;0.088602;,
  -0.117161;1.167108;0.066874;,
  -0.139608;1.160553;0.016920;,
  -0.140932;1.160226;-0.009188;,
  -0.139953;1.151570;-0.008925;,
  -0.137726;1.149912;0.016586;,
  -0.093261;1.193042;-0.101533;,
  -0.113947;1.157010;-0.075390;,
  -0.116190;1.176406;-0.079942;,
  -0.133040;1.228949;0.076701;,
  -0.148049;1.221160;0.048745;,
  -0.142914;1.161411;-0.021735;,
  -0.134548;1.167069;-0.058064;,
  -0.132271;1.150129;-0.054492;,
  -0.140973;1.150177;-0.020708;,
  -0.152924;1.204720;-0.024813;,
  -0.150821;1.202537;-0.009861;,
  -0.157381;1.218289;-0.009896;,
  -0.159280;1.218932;-0.025518;,
  -0.149106;1.202770;0.018642;,
  -0.154999;1.218882;0.019431;,
  -0.153765;1.229728;-0.072102;,
  -0.138562;1.246881;-0.098957;,
  -0.112751;1.272009;-0.124005;,
  -0.129189;1.498981;-0.132256;,
  -0.150391;1.490923;-0.132082;,
  -0.164742;1.508433;-0.109963;,
  -0.141923;1.517164;-0.110113;,
  -0.142000;1.520449;-0.001136;,
  -0.164842;1.511712;-0.001447;,
  -0.156415;1.489232;0.019205;,
  -0.135531;1.497448;0.019588;,
  -0.116483;1.476936;-0.148920;,
  -0.138412;1.468360;-0.148755;,
  -0.083028;1.436519;0.057425;,
  -0.068374;1.428474;0.068066;,
  -0.068760;1.431572;0.065531;,
  -0.083571;1.439901;0.055465;,
  -0.023795;1.379399;0.102399;,
  -0.000000;1.373310;0.105031;,
  -0.000000;1.375263;0.104610;,
  -0.023535;1.380882;0.101850;,
  -0.040859;1.387132;0.096471;,
  -0.038776;1.388566;0.095897;,
  -0.051525;1.394276;0.091716;,
  -0.152216;1.184510;-0.009691;,
  -0.150615;1.184801;0.018534;,
  -0.132769;1.150277;0.040310;,
  -0.134521;1.161586;0.041971;,
  -0.112211;1.134325;0.065879;,
  -0.130375;1.132821;0.039268;,
  -0.111437;1.135944;-0.073103;,
  -0.059719;1.116184;-0.102187;,
  -0.059515;1.096463;-0.102249;,
  -0.135600;1.134628;0.016130;,
  -0.137470;1.133060;-0.005629;,
  -0.134798;1.120085;-0.005849;,
  -0.138382;1.133165;-0.020822;,
  -0.130068;1.134275;-0.053628;,
  -0.136285;1.119009;-0.020851;,
  -0.040830;1.085840;0.097673;,
  -0.042002;1.111786;0.102561;,
  -0.076167;1.114774;0.092057;,
  -0.075007;1.091837;0.088303;,
  -0.079207;1.141538;0.091216;,
  -0.088250;1.081497;-0.095893;,
  -0.061265;1.081826;-0.105999;,
  -0.139816;1.376864;0.069512;,
  -0.151507;1.344224;0.074933;,
  -0.144729;1.334469;0.081952;,
  -0.126478;1.373907;0.078993;,
  -0.165640;1.317335;-0.110630;,
  -0.158084;1.335558;-0.133059;,
  -0.151261;1.326337;-0.135892;,
  -0.160806;1.308300;-0.112321;,
  -0.080381;1.306288;-0.140089;,
  -0.075839;1.283745;-0.136456;,
  -0.136869;1.430203;0.045157;,
  -0.138342;1.403534;0.058351;,
  -0.133794;1.399145;0.067602;,
  -0.124912;1.430157;0.047980;,
  -0.140425;1.250639;0.079765;,
  -0.153661;1.240496;0.050088;,
  -0.146426;1.270523;0.079991;,
  -0.158060;1.257829;0.050358;,
